67 103
79 90
57 89
80 95
76 105
90 83
35 99
92 88
44 92
2 87
75 89
54 104
78 108
39 101
69 94
20 87
82 93
95 101
11 101
21 93
33 98
74 88
97 95
63 91
29 103
34 98
42 103
5 90
84 103
18 88
47 86
59 88
13 91
87 100
8 94
52 102
41 82
14 108
93 96
51 101
100 91
26 94
24 84
98 98
19 103
30 92
27 113
64 103
70 101
99 102
25 113
62 100
1 84
60 110
23 85
102 100
7 118
86 106
9 103
88 115
46 78
72 96
40 114
3 86
56 86
17 73
96 105
31 101
0 95
91 84
12 90
85 120
6 94
58 81
68 110
94 106
15 89
81 97
65 104
55 79
89 93
10 88
71 85
50 92
66 88
53 96
28 110
32 117
49 121
45 111
77 90
48 109
101 105
22 94
37 85
38 101
83 109
4 115
73 96
61 94
36 97
43 104
16 90
